2000 neurons 
seq time: 5.31698e+06
ff_pool
8.41111e+06 
4.46777e+06 
3.08794e+06 
2.33205e+06 
1.88134e+06 
1.58756e+06 
1.3935e+06 
1.2183e+06 
1.10228e+06 
982683 
931998 
856100 
809186 
769273 
692814 
654124 
654670 
585016 
576852 
532139 
530658 
575991 
496750 
494899 
446812 
536428 
427248 
463105 
425293 
476399 
455448 
444304 
453743 
485136 
377717 
432987 
353479 
441412 
381448 
333103 
463075 
430303 
412770 
399795 
397581 
400664 
417491 
439326 
470181 
306779 
343451 
397007 
450443 
298586 
376005 
439920 
304491 
404649 
415514 
367309 
414398 
357906 
301622 
323882 
410335 
412743 
400043 
403501 
408407 
406536 
395429 
397358 
404280 
398237 
392224 
398064 
400282 
396375 
392490 
400012 
405633 
397851 
394059 
393240 
402905 
401573 
395776 
399896 
399435 
402251 
396303 
394308 
399479 
396856 
395782 
398688 
400441 
407040 
395910 
400167 
