2000 neurons 
seq time: 5.32265e+06
mdf
9.21397e+06 
5.43156e+06 
4.18321e+06 
2.85065e+06 
2.44437e+06 
2.33184e+06 
2.14933e+06 
1.89554e+06 
1.81523e+06 
1.76211e+06 
1.74179e+06 
1.69642e+06 
1.70519e+06 
1.72305e+06 
1.78041e+06 
1.79982e+06 
1.82387e+06 
1.91923e+06 
1.96668e+06 
2.03644e+06 
2.10698e+06 
2.21491e+06 
2.20668e+06 
2.29277e+06 
2.29452e+06 
2.48412e+06 
2.45385e+06 
2.57588e+06 
2.54417e+06 
2.68983e+06 
2.83494e+06 
2.81039e+06 
2.86803e+06 
2.9407e+06 
3.01545e+06 
3.21313e+06 
3.05242e+06 
3.31964e+06 
3.32962e+06 
3.36252e+06 
3.65645e+06 
3.5541e+06 
3.57299e+06 
3.65482e+06 
3.84639e+06 
3.81617e+06 
3.93373e+06 
4.05677e+06 
4.07206e+06 
4.04637e+06 
4.20114e+06 
4.27853e+06 
4.42532e+06 
4.3554e+06 
4.37985e+06 
4.64464e+06 
4.58524e+06 
4.59501e+06 
4.72874e+06 
4.68008e+06 
4.64275e+06 
4.72676e+06 
4.80265e+06 
4.8796e+06 
4.98936e+06 
5.15066e+06 
5.12195e+06 
5.07504e+06 
5.29395e+06 
5.20996e+06 
5.39023e+06 
5.39743e+06 
5.45089e+06 
5.28034e+06 
5.74858e+06 
5.69417e+06 
5.71578e+06 
5.66076e+06 
5.69557e+06 
5.86776e+06 
5.86404e+06 
6.03182e+06 
5.8608e+06 
6.03865e+06 
6.11124e+06 
6.26905e+06 
6.31299e+06 
6.45686e+06 
6.19409e+06 
6.42178e+06 
6.54363e+06 
6.67254e+06 
6.69519e+06 
6.32137e+06 
6.67874e+06 
6.94028e+06 
6.8665e+06 
6.85273e+06 
6.86136e+06 
6.96687e+06 
