2000 neurons 
seq time: 5.32579e+06
none
7.33461e+06 
4.30919e+06 
2.98167e+06 
2.31827e+06 
2.22208e+06 
1.90045e+06 
1.61644e+06 
1.70216e+06 
1.53873e+06 
1.39232e+06 
1.28674e+06 
1.18988e+06 
1.22998e+06 
1.20995e+06 
1.13381e+06 
1.05973e+06 
1.05047e+06 
1.02184e+06 
972896 
934100 
982193 
955669 
919547 
898102 
842417 
897806 
858876 
813351 
829426 
789140 
815460 
785304 
812436 
778688 
734404 
750077 
746112 
751942 
717287 
695044 
724668 
714224 
696977 
690118 
693133 
692855 
693326 
698384 
695943 
675712 
664421 
679606 
686183 
639267 
658013 
677678 
638149 
631828 
669850 
639696 
667381 
630905 
614285 
615110 
607168 
613974 
612150 
617351 
596451 
583259 
615060 
613861 
598286 
599061 
601226 
602540 
607417 
608478 
591483 
603645 
600710 
603920 
589332 
604641 
599614 
604790 
614718 
596406 
593482 
591257 
603853 
601056 
598484 
602049 
596291 
607162 
596721 
599640 
606511 
590115 
