2000 neurons 
seq time: 5.32579e+06
parfor
8.24565e+06 
4.4092e+06 
3.0261e+06 
2.28598e+06 
1.85495e+06 
1.56989e+06 
1.35072e+06 
1.19208e+06 
1.07406e+06 
981534 
890897 
833096 
783091 
738563 
707770 
670631 
635193 
612369 
587449 
564026 
544483 
524977 
511473 
503973 
490943 
479571 
472147 
464401 
455140 
448388 
448435 
432841 
425710 
425328 
420714 
417775 
422095 
407234 
412085 
412588 
401695 
401839 
401350 
396736 
399332 
394354 
401204 
394418 
401314 
398584 
396104 
399753 
398551 
402340 
402640 
399169 
408089 
399441 
400261 
409361 
402500 
414646 
411882 
415769 
474571 
486642 
482960 
472957 
474976 
474063 
478026 
473928 
476328 
491881 
493385 
495711 
487952 
493639 
491427 
510590 
498972 
505492 
507566 
493954 
500619 
519268 
513101 
496480 
513731 
519554 
533381 
536834 
524702 
531699 
522337 
563053 
542148 
574056 
536794 
553317 
